-------------------
0.0 0.3
0.07	5.0	0.14	1e-05	0.2	0.0	0.9	313423478
0.05	5.0	0.1	2e-05	0.1	0.0	0.7	535360738
0.05	5.0	0.1	2e-05	0.001	0.0	0.7	22953651
0.05	5.0	0.09	5e-05	0.001	0.0	0.5	775451423
0.05	5.0	0.09	5e-05	0.001	0.0	0.9	874411415
0.04	5.0	0.08	5e-05	0.001	0.0	0.5	724469438
0.04	5.0	0.07	1e-05	0.1	0.0	0.9	517785750
0.03	5.0	0.07	5e-05	0.001	0.0	0.7	169538906
0.03	5.0	0.06	0.0001	0.1	0.0	0.5	908049000
0.02	5.0	0.05	0.0001	0.01	0.0	0.5	931879141
0.02	5.0	0.03	0.0001	0.1	0.0	0.7	312646524
0.02	5.0	0.03	5e-05	0.001	0.0	0.9	174187200
0.01	5.0	0.02	0.0001	0.001	0.0	0.9	75003681
0.01	5.0	0.02	0.0001	0.01	0.0	0.9	637269688
-------------------
0.0 0.35
0.22	5.0	0.44	2e-05	0.01	0.0	0.3	873465887
0.08	5.0	0.15	5e-05	0.2	0.0	0.9	862445928
0.08	5.0	0.15	2e-05	0.1	0.0	0.7	691231461
0.07	5.0	0.15	2e-05	0.1	0.0	0.7	989687853
0.07	5.0	0.15	2e-05	0.1	0.0	0.7	820795588
0.04	5.0	0.08	0.0001	0.1	0.0	0.7	243129450
0.04	5.0	0.07	0.0001	0.2	0.0	0.7	379975852
0.04	5.0	0.07	0.0001	0.01	0.0	0.5	161750559
0.03	5.0	0.07	0.0001	0.1	0.0	0.7	895996275
0.03	5.0	0.06	0.0001	0.001	0.0	0.9	481746942
0.03	5.0	0.06	5e-05	0.1	0.0	0.9	541437462
-------------------
0.0 0.4
0.33	5.0	0.65	2e-06	0.2	0.0	0.9	355388050
0.19	5.0	0.36	2e-05	0.01	0.0	0.5	95795388
0.18	5.0	0.35	2e-05	0.2	0.0	0.5	837684779
0.12	5.0	0.25	2e-05	0.1	0.0	0.7	383055063
0.11	5.0	0.23	2e-05	0.01	0.0	0.7	961536309
0.1	5.0	0.21	2e-05	0.01	0.0	0.7	708115795
0.09	5.0	0.17	5e-05	0.1	0.0	0.5	406702640
0.09	5.0	0.18	1e-05	0.1	0.0	0.9	479686390
0.08	5.0	0.16	5e-05	0.001	0.0	0.7	308939022
0.08	5.0	0.16	5e-05	0.001	0.0	0.7	366596346
0.07	5.0	0.15	5e-05	0.001	0.0	0.7	191511088
0.07	5.0	0.14	2e-05	0.2	0.0	0.9	266140797
0.07	5.0	0.15	5e-05	0.1	0.0	0.7	3836496
0.07	5.0	0.13	2e-05	0.2	0.0	0.9	767406753
0.07	5.0	0.14	5e-05	0.1	0.0	0.7	856652521
0.07	5.0	0.14	0.0001	0.1	0.0	0.5	926355766
0.06	5.0	0.13	0.0001	0.001	0.0	0.5	931557119
0.06	5.0	0.13	0.0001	0.01	0.0	0.9	593515190
0.06	5.0	0.12	0.0001	0.001	0.0	0.7	153209809
0.06	5.0	0.12	0.0001	0.01	0.0	0.5	700680785
0.06	5.0	0.12	0.0001	0.1	0.0	0.7	860320327
0.06	5.0	0.12	0.0001	0.2	0.0	0.7	873343807
0.06	5.0	0.11	0.0001	0.1	0.0	0.7	316305026
0.06	5.0	0.11	0.0001	0.1	0.0	0.7	141224815
0.06	5.0	0.11	0.0001	0.2	0.0	0.9	386111529
0.05	5.0	0.11	0.0001	0.01	0.0	0.7	126537942
0.05	5.0	0.1	0.0001	0.01	0.0	0.7	816395421
0.05	5.0	0.1	0.0001	0.001	0.0	0.9	444273729
0.05	5.0	0.09	0.0001	0.01	0.0	0.9	829662493
0.04	5.0	0.09	0.0001	0.01	0.0	0.9	562317524
-------------------
0.0 0.45
0.27	5.0	0.54	2e-05	0.001	0.0	0.5	114937734
0.26	5.0	0.53	2e-05	0.01	0.0	0.5	368618867
0.24	5.0	0.48	2e-05	0.2	0.0	0.5	786202606
0.24	5.0	0.49	2e-05	0.01	0.0	0.5	624548152
0.24	5.0	0.47	2e-05	0.1	0.0	0.5	198947364
0.2	5.0	0.4	5e-05	0.001	0.0	0.5	741836891
0.19	5.0	0.39	5e-05	0.1	0.0	0.7	197721402
0.18	5.0	0.36	2e-05	0.1	0.0	0.7	264519925
0.18	5.0	0.36	2e-05	0.01	0.0	0.7	936254366
0.17	5.0	0.34	2e-05	0.1	0.0	0.7	62986154
0.16	5.0	0.32	0.0001	0.1	0.0	0.7	143047993
0.16	5.0	0.32	2e-05	0.1	0.0	0.7	945677838
0.15	5.0	0.3	0.0001	0.1	0.0	0.7	758711252
0.14	5.0	0.29	5e-05	0.01	0.0	0.9	79010925
0.14	5.0	0.28	5e-05	0.2	0.0	0.5	179088476
0.14	5.0	0.28	5e-05	0.2	0.0	0.5	620912032
0.12	5.0	0.24	0.0001	0.2	0.0	0.7	978406179
0.12	5.0	0.25	5e-05	0.2	0.0	0.7	187607570
0.12	5.0	0.23	5e-05	0.2	0.0	0.7	750651178
0.11	5.0	0.23	5e-05	0.001	0.0	0.7	758540004
0.11	5.0	0.22	5e-05	0.1	0.0	0.7	99767452
0.11	5.0	0.22	0.0001	0.1	0.0	0.5	944962669
0.11	5.0	0.21	0.0001	0.2	0.0	0.7	828394122
0.11	5.0	0.21	0.0001	0.2	0.0	0.7	391377654
0.11	5.0	0.21	0.0001	0.01	0.0	0.5	984369001
0.11	5.0	0.22	5e-05	0.1	0.0	0.7	184422989
0.11	5.0	0.2	0.0001	0.001	0.0	0.5	964740578
0.11	5.0	0.21	0.0001	0.2	0.0	0.7	629317375
0.1	5.0	0.21	0.0001	0.2	0.0	0.9	292078216
0.1	5.0	0.2	0.0001	0.01	0.0	0.5	124797514
0.1	5.0	0.19	5e-05	0.2	0.0	0.9	81146725
0.1	5.0	0.19	0.0001	0.001	0.0	0.9	920224740
0.09	5.0	0.19	0.0001	0.1	0.0	0.7	612144349
0.09	5.0	0.19	0.0001	0.2	0.0	0.9	996159880
0.09	5.0	0.19	0.0001	0.1	0.0	0.7	366729567
0.09	5.0	0.19	0.0001	0.01	0.0	0.7	241812765
-------------------
0.0 0.5
0.69	5.0	1.39	1e-05	0.2	0.0	0.3	593945835
0.67	5.0	1.32	2e-06	0.001	0.0	0.7	105406526
0.64	5.0	1.31	2e-06	0.1	0.0	0.7	522047799
0.63	5.0	1.25	1e-05	0.01	0.0	0.0	554990235
0.63	5.0	1.27	1e-05	0.001	0.0	0.0	60819321
0.63	5.0	1.26	1e-05	0.01	0.0	0.0	192101448
0.62	5.0	1.22	2e-05	0.01	0.0	0.0	320288919
0.61	5.0	1.21	1e-05	0.2	0.0	0.0	43860175
0.57	5.0	1.14	1e-05	0.001	0.0	0.3	211328319
0.56	5.0	1.13	1e-05	0.1	0.0	0.3	424358207
0.55	5.0	1.12	1e-05	0.1	0.0	0.3	802771321
0.55	5.0	1.16	1e-05	0.2	0.0	0.5	39176274
0.51	5.0	1.05	2e-05	0.1	0.0	0.0	489620491
0.51	5.0	1.01	1e-05	0.001	0.0	0.5	622111702
0.5	5.0	1.01	1e-05	0.2	0.0	0.5	552320178
0.44	5.0	0.87	1e-05	0.2	0.0	0.7	70625660
0.44	5.0	0.86	2e-05	0.1	0.0	0.3	215238992
0.43	5.0	0.86	1e-05	0.1	0.0	0.7	493309730
0.42	5.0	0.85	1e-05	0.1	0.0	0.7	37321086
0.41	5.0	0.81	5e-05	0.01	0.0	0.0	82926291
0.41	5.0	0.81	2e-05	0.2	0.0	0.3	659702107
0.4	5.0	0.79	1e-05	0.01	0.0	0.7	611698643
0.4	5.0	0.78	2e-05	0.001	0.0	0.5	673816541
0.39	5.0	0.78	2e-05	0.001	0.0	0.5	757374251
0.39	5.0	0.77	2e-05	0.001	0.0	0.5	555349745
0.39	5.0	0.75	2e-05	0.1	0.0	0.5	443335026
0.36	5.0	0.73	2e-05	0.1	0.0	0.5	719494801
0.36	5.0	0.71	2e-05	0.01	0.0	0.5	644890575
0.36	5.0	0.7	2e-05	0.01	0.0	0.5	470378704
0.35	5.0	0.71	2e-05	0.1	0.0	0.5	486135327
0.35	5.0	0.7	2e-05	0.01	0.0	0.5	53616300
0.33	5.0	0.67	5e-05	0.2	0.0	0.0	297172249
0.33	5.0	0.67	2e-05	0.2	0.0	0.5	12569588
0.33	5.0	0.68	0.0001	0.2	0.0	0.9	258475083
0.32	5.0	0.66	5e-05	0.001	0.0	0.0	603271773
0.31	5.0	0.62	5e-05	0.2	0.0	0.0	577120941
0.31	5.0	0.61	2e-05	0.2	0.0	0.7	467611038
0.3	5.0	0.59	2e-05	0.001	0.0	0.7	458512251
0.3	5.0	0.61	5e-05	0.01	0.0	0.0	497546406
0.3	5.0	0.6	2e-05	0.1	0.0	0.9	865633896
0.3	5.0	0.6	0.0001	0.01	0.0	0.7	766354657
0.29	5.0	0.58	2e-05	0.1	0.0	0.7	348251345
0.29	5.0	0.58	2e-05	0.001	0.0	0.7	739714029
0.28	5.0	0.56	2e-05	0.001	0.0	0.7	875327159
0.28	5.0	0.56	0.0001	0.001	0.0	0.5	992213137
0.28	5.0	0.55	5e-05	0.001	0.0	0.3	282069447
0.28	5.0	0.55	5e-05	0.01	0.0	0.0	452371019
0.27	5.0	0.55	2e-05	0.2	0.0	0.7	120803357
0.27	5.0	0.54	2e-05	0.2	0.0	0.7	993427060
0.27	5.0	0.53	5e-05	0.001	0.0	0.5	778691360
0.26	5.0	0.53	0.0001	0.001	0.0	0.9	824593572
0.26	5.0	0.53	2e-05	0.001	0.0	0.7	392202625
0.26	5.0	0.52	5e-05	0.001	0.0	0.3	522578788
0.25	5.0	0.51	2e-05	0.01	0.0	0.7	447996056
0.24	5.0	0.47	5e-05	0.001	0.0	0.3	242814315
0.24	5.0	0.49	5e-05	0.1	0.0	0.7	23951702
0.24	5.0	0.48	5e-05	0.2	0.0	0.7	806868881
0.24	5.0	0.48	1e-05	0.01	0.0	0.9	704910749
0.24	5.0	0.48	5e-05	0.2	0.0	0.5	465577363
0.24	5.0	0.48	0.0001	0.001	0.0	0.5	664956204
0.23	5.0	0.47	1e-05	0.001	0.0	0.9	361044478
0.23	5.0	0.46	0.0001	0.001	0.0	0.5	166927331
0.23	5.0	0.46	0.0001	0.001	0.0	0.5	671022521
0.23	5.0	0.45	1e-05	0.1	0.0	0.9	197101845
0.23	5.0	0.46	2e-05	0.001	0.0	0.9	373076803
0.22	5.0	0.44	1e-05	0.2	0.0	0.9	863732042
0.21	5.0	0.43	2e-05	0.1	0.0	0.9	979928296
0.21	5.0	0.43	5e-05	0.1	0.0	0.9	857256842
0.21	5.0	0.42	0.0001	0.001	0.0	0.9	728776593
0.21	5.0	0.42	0.0001	0.1	0.0	0.5	990051587
0.21	5.0	0.41	1e-05	0.01	0.0	0.9	502365970
0.21	5.0	0.42	2e-05	0.01	0.0	0.9	232106617
0.21	5.0	0.41	0.0001	0.1	0.0	0.7	75687686
0.21	5.0	0.41	5e-05	0.1	0.0	0.9	244524856
0.21	5.0	0.41	0.0001	0.001	0.0	0.9	265163731
0.2	5.0	0.31	0.0001	0.001	0.0	0.7	95691462
0.2	5.0	0.42	1e-05	0.01	0.0	0.9	357713731
0.2	5.0	0.4	5e-05	0.2	0.0	0.7	915776908
0.19	5.0	0.39	5e-05	0.1	0.0	0.9	519605759
0.19	5.0	0.36	2e-05	0.01	0.0	0.9	144288139
0.19	5.0	0.39	5e-05	0.2	0.0	0.7	699487933
0.19	5.0	0.36	0.0001	0.001	0.0	0.5	941057777
0.19	5.0	0.39	2e-05	0.001	0.0	0.9	51405139
0.19	5.0	0.38	0.0001	0.01	0.0	0.3	43914277
0.19	5.0	0.37	0.0001	0.01	0.0	0.7	813422208
0.18	5.0	0.35	5e-05	0.01	0.0	0.7	869035155
0.18	5.0	0.38	5e-05	0.01	0.0	0.7	611206001
0.18	5.0	0.36	2e-05	0.2	0.0	0.9	427639022
0.18	5.0	0.39	0.0001	0.001	0.0	0.7	348524596
0.18	5.0	0.37	5e-05	0.01	0.0	0.7	524355447
0.18	5.0	0.35	0.0001	0.1	0.0	0.7	951240212
0.18	5.0	0.35	0.0001	0.1	0.0	0.9	791493918
0.16	5.0	0.33	0.0001	0.1	0.0	0.7	286608742
0.16	5.0	0.32	0.0001	0.01	0.0	0.5	250434022
0.16	5.0	0.32	5e-05	0.001	0.0	0.9	298859394
0.15	5.0	0.29	0.0001	0.01	0.0	0.7	261611831
-------------------
0.0 0.55
0.67	5.0	1.35	2e-06	0.2	0.0	0.9	56666925
0.65	5.0	1.29	2e-05	0.01	0.0	0.5	414708218
0.65	5.0	1.28	1e-05	0.2	0.0	0.5	71134934
0.64	5.0	1.26	1e-05	0.001	0.0	0.5	772276842
0.63	5.0	1.24	1e-05	0.2	0.0	0.7	631020233
0.6	5.0	1.2	1e-05	0.1	0.0	0.5	819857208
0.56	5.0	1.12	1e-05	0.2	0.0	0.7	927595694
0.55	5.0	1.1	1e-05	0.1	0.0	0.7	930420754
0.53	5.0	1.06	2e-05	0.2	0.0	0.5	94907627
0.51	5.0	1.02	2e-05	0.2	0.0	0.5	51209350
0.51	5.0	1.01	2e-05	0.1	0.0	0.5	272429765
0.48	5.0	0.96	2e-05	0.1	0.0	0.5	686230802
0.47	5.0	0.95	2e-05	0.1	0.0	0.5	464657019
0.44	5.0	0.88	2e-05	0.1	0.0	0.7	745266678
0.43	5.0	0.86	0.0001	0.1	0.0	0.9	74858729
0.43	5.0	0.85	2e-05	0.1	0.0	0.7	265321503
0.42	5.0	0.83	2e-05	0.01	0.0	0.7	215423136
0.41	5.0	0.82	2e-05	0.1	0.0	0.7	193988359
0.4	5.0	0.8	2e-05	0.1	0.0	0.9	544037169
0.4	5.0	0.8	0.0001	0.001	0.0	0.9	310925952
0.4	5.0	0.79	5e-05	0.2	0.0	0.5	514553210
0.39	5.0	0.78	2e-05	0.1	0.0	0.7	163191049
0.39	5.0	0.79	5e-05	0.2	0.0	0.5	928882862
0.39	5.0	0.78	5e-05	0.1	0.0	0.9	605716987
0.39	5.0	0.76	0.0001	0.2	0.0	0.7	748789385
0.39	5.0	0.77	5e-05	0.01	0.0	0.9	553302187
0.38	5.0	0.76	0.0001	0.2	0.0	0.7	922774826
0.38	5.0	0.75	0.0001	0.1	0.0	0.7	315419775
0.38	5.0	0.75	0.0001	0.001	0.0	0.9	726427314
0.37	5.0	0.74	1e-05	0.1	0.0	0.9	545403548
0.36	5.0	0.72	5e-05	0.1	0.0	0.5	621563051
0.35	5.0	0.69	5e-05	0.1	0.0	0.7	955722766
0.34	5.0	0.69	5e-05	0.2	0.0	0.7	161843404
0.34	5.0	0.7	0.0001	0.1	0.0	0.7	254032557
0.34	5.0	0.67	5e-05	0.01	0.0	0.5	415502267
0.34	5.0	0.66	5e-05	0.001	0.0	0.7	638587883
0.33	5.0	0.67	5e-05	0.1	0.0	0.7	845446738
0.33	5.0	0.66	0.0001	0.1	0.0	0.7	755467496
0.33	5.0	0.68	1e-05	0.1	0.0	0.9	423281508
0.33	5.0	0.66	0.0001	0.1	0.0	0.9	412365938
0.33	5.0	0.66	5e-05	0.001	0.0	0.7	703565723
0.32	5.0	0.65	0.0001	0.2	0.0	0.5	124667283
0.32	5.0	0.64	2e-05	0.01	0.0	0.9	991656049
0.31	5.0	0.61	0.0001	0.2	0.0	0.9	783229133
0.3	5.0	0.61	0.0001	0.1	0.0	0.7	875978411
0.3	5.0	0.59	5e-05	0.01	0.0	0.7	435537050
0.3	5.0	0.6	0.0001	0.1	0.0	0.9	766628210
0.28	5.0	0.55	0.0001	0.01	0.0	0.7	373506423
0.27	5.0	0.54	0.0001	0.01	0.0	0.7	884683774
0.25	5.0	0.5	0.0001	0.1	0.0	0.9	268212744
-------------------
0.0 0.6
1.0	5.0	2.18	2e-06	0.2	0.0	0.3	53132964
0.98	5.0	1.97	1e-05	0.1	0.0	0.3	902179294
0.69	5.0	1.39	0.0001	0.2	0.0	0.5	298172323
0.61	5.0	1.2	2e-05	0.1	0.0	0.9	580535074
0.55	5.0	1.1	0.0001	0.1	0.0	0.5	51415534
0.52	5.0	1.04	5e-05	0.1	0.0	0.7	911955278
0.52	5.0	1.03	5e-05	0.01	0.0	0.5	503565859
0.48	5.0	0.96	0.0001	0.1	0.0	0.7	127309482
0.47	5.0	0.93	0.0001	0.1	0.0	0.5	41603117
0.47	5.0	0.94	0.0001	0.1	0.0	0.7	268513108
0.46	5.0	0.92	0.0001	0.01	0.0	0.5	295327022
-------------------
0.0 0.65
0.74	5.0	1.47	2e-05	0.1	0.0	0.7	591332310
0.67	5.0	1.33	1e-05	0.01	0.0	0.9	8688301
0.62	5.0	1.24	0.0001	0.01	0.0	0.7	975287670
-------------------
0.0 0.7
0.96	5.0	1.93	0.0001	0.001	0.0	0.9	800633989
-------------------
0.25 0.3
1.43	4.4	0.43	1e-05	0.01	0.0	0.0	627392029
1.17	4.34	0.11	0.0001	0.01	0.0	0.3	61619527
1.09	4.3	0.02	0.0001	0.001	0.0	0.9	230667609
-------------------
0.25 0.35
1.19	4.36	0.14	2e-05	0.01	0.0	0.5	182281643
1.14	4.33	0.08	5e-05	0.2	0.0	0.7	763369683
1.13	4.32	0.07	0.0001	0.1	0.0	0.7	2364759
1.13	4.32	0.07	0.0001	0.1	0.0	0.7	349775680
1.13	4.32	0.07	0.0001	0.1	0.0	0.7	147239155
1.13	4.32	0.06	0.0001	0.1	0.0	0.7	424454569
1.13	4.32	0.06	0.0001	0.2	0.0	0.9	475178882
1.11	4.32	0.05	5e-05	0.1	0.0	0.9	842160542
1.11	4.31	0.05	0.0001	0.1	0.0	0.9	936768787
-------------------
0.25 0.4
1.31	4.42	0.27	0.0001	0.001	0.0	0.3	397459585
1.27	4.34	0.24	5e-05	0.1	0.0	0.9	571516406
1.26	4.34	0.23	5e-05	0.01	0.0	0.9	413400057
1.26	4.35	0.23	0.0001	0.1	0.0	0.7	924662325
1.23	4.39	0.17	2e-05	0.1	0.0	0.7	665142698
1.19	4.35	0.14	0.0001	0.2	0.0	0.5	96410234
1.19	4.36	0.13	5e-05	0.1	0.0	0.7	391346609
1.18	4.35	0.13	0.0001	0.2	0.0	0.7	152345535
1.18	4.36	0.12	5e-05	0.1	0.0	0.7	805093989
1.18	4.36	0.12	0.0001	0.1	0.0	0.7	133356200
1.17	4.35	0.11	0.0001	0.2	0.0	0.7	143101063
1.17	4.35	0.11	0.0001	0.01	0.0	0.7	196977188
1.17	4.35	0.11	0.0001	0.01	0.0	0.7	509119429
1.17	4.34	0.11	5e-05	0.2	0.0	0.9	925874526
1.16	4.35	0.1	0.0001	0.01	0.0	0.7	318641769
1.16	4.35	0.1	0.0001	0.1	0.0	0.7	761505353
-------------------
0.25 0.45
1.55	4.54	0.55	2e-05	0.01	0.0	0.5	752931174
1.42	4.43	0.42	2e-05	0.001	0.0	0.5	839962200
1.4	4.43	0.39	2e-05	0.2	0.0	0.7	113455492
1.36	4.4	0.34	0.0001	0.1	0.0	0.5	383767785
1.33	4.43	0.31	2e-05	0.01	0.0	0.7	798647547
1.33	4.38	0.31	0.0001	0.1	0.0	0.7	976547068
1.31	4.39	0.29	0.0001	0.01	0.0	0.7	283281059
1.29	4.46	0.27	0.0001	0.2	0.0	0.7	570891536
1.28	4.42	0.23	5e-05	0.1	0.0	0.7	983021535
1.26	4.41	0.2	5e-05	0.1	0.0	0.7	936463825
1.26	4.4	0.21	0.0001	0.1	0.0	0.7	260125711
1.25	4.4	0.2	0.0001	0.1	0.0	0.9	558918113
1.25	4.4	0.2	0.0001	0.1	0.0	0.7	519497523
1.25	4.4	0.2	0.0001	0.1	0.0	0.7	883180537
1.23	4.41	0.18	0.0001	0.01	0.0	0.7	929712823
-------------------
0.25 0.5
1.73	4.6	0.8	2e-05	0.001	0.0	0.7	270368874
1.67	4.44	0.75	0.0001	0.1	0.0	0.7	829567729
1.64	4.44	0.7	0.0001	0.2	0.0	0.7	642150440
1.57	4.45	0.6	0.0001	0.2	0.0	0.9	457003171
1.55	4.49	0.58	2e-05	0.1	0.0	0.7	943737563
1.54	4.47	0.56	0.0001	0.1	0.0	0.9	479486222
1.53	4.45	0.56	2e-05	0.1	0.0	0.9	249798083
1.48	4.47	0.48	0.0001	0.2	0.0	0.7	355906320
1.48	4.47	0.47	2e-05	0.2	0.0	0.9	785861801
1.47	4.42	0.48	5e-05	0.01	0.0	0.9	493283383
1.46	4.49	0.45	0.0001	0.1	0.0	0.7	526702082
1.45	4.46	0.43	5e-05	0.1	0.0	0.7	523170987
1.43	4.45	0.42	0.0001	0.1	0.0	0.9	340958261
1.41	4.52	0.37	0.0001	0.1	0.0	0.7	959362155
1.37	4.5	0.36	0.0001	0.1	0.0	0.9	141502678
-------------------
0.25 0.55
1.86	4.49	0.99	5e-05	0.2	0.0	0.7	840485185
1.82	4.55	0.91	5e-05	0.1	0.0	0.5	507835436
1.81	4.53	0.9	2e-05	0.2	0.0	0.5	812990818
1.77	4.53	0.84	2e-05	0.01	0.0	0.5	591025209
1.71	4.56	0.74	5e-05	0.1	0.0	0.9	71086644
1.7	4.54	0.75	0.0001	0.2	0.0	0.7	960891704
1.69	4.53	0.73	2e-05	0.1	0.0	0.9	36005247
1.69	4.56	0.72	5e-05	0.1	0.0	0.7	375577804
1.66	4.52	0.71	0.0001	0.1	0.0	0.9	747960114
1.65	4.54	0.72	0.0001	0.1	0.0	0.7	571568854
1.65	4.54	0.68	0.0001	0.1	0.0	0.9	955049964
1.64	4.55	0.65	2e-05	0.01	0.0	0.9	42587159
1.63	4.54	0.67	0.0001	0.1	0.0	0.7	927726774
-------------------
0.25 0.6
2.23	4.67	1.42	1e-05	0.01	0.0	0.9	952757952
2.06	4.54	1.23	5e-05	0.1	0.0	0.5	986148457
2.0	4.53	1.16	0.0001	0.001	0.0	0.7	686308560
2.0	4.56	1.15	0.0001	0.1	0.0	0.5	670350954
1.98	4.58	1.09	5e-05	0.1	0.0	0.7	276604118
1.92	4.57	1.06	5e-05	0.01	0.0	0.5	642311360
-------------------
0.25 0.65
2.54	4.63	1.83	2e-05	0.2	0.0	0.5	827564000
2.42	4.64	1.68	5e-05	0.2	0.0	0.7	208145144
2.4	4.6	1.69	2e-05	0.01	0.0	0.5	342090030
2.4	4.62	1.7	0.0001	0.2	0.0	0.9	448186307
2.29	4.63	1.52	2e-05	0.001	0.0	0.7	846324671
-------------------
0.25 0.7
3.09	4.87	2.48	0.0001	0.2	0.0	0.0	902691596
2.9	4.8	2.28	5e-05	0.001	0.0	0.0	928361416
-------------------
0.5 0.05
2.14	4.28	0.01	2e-05	0.1	0.0	0.7	113834256
-------------------
0.5 0.15
2.16	4.29	0.03	2e-05	0.1	0.0	0.7	195052696
-------------------
0.5 0.25
2.15	4.29	0.02	0.0001	0.01	0.0	0.7	494181602
-------------------
0.5 0.3
2.27	4.34	0.19	5e-05	0.001	0.0	0.3	908402401
2.23	4.33	0.15	2e-05	0.01	0.0	0.5	429209534
2.17	4.3	0.05	0.0001	0.1	0.0	0.7	590300501
2.17	4.3	0.05	0.0001	0.2	0.0	0.7	944778188
-------------------
0.5 0.35
2.26	4.31	0.21	0.0001	0.1	0.0	0.7	464912816
2.24	4.33	0.16	2e-05	0.001	0.0	0.7	695605351
2.24	4.33	0.15	2e-05	0.2	0.0	0.7	147595904
2.23	4.33	0.14	2e-05	0.01	0.0	0.7	715233183
2.22	4.33	0.11	5e-05	0.1	0.0	0.5	643779138
2.21	4.32	0.09	5e-05	0.1	0.0	0.7	436843625
2.2	4.32	0.09	5e-05	0.1	0.0	0.7	517053287
2.2	4.32	0.08	0.0001	0.01	0.0	0.5	66765621
2.2	4.32	0.08	2e-05	0.01	0.0	0.9	322267420
2.19	4.32	0.08	0.0001	0.1	0.0	0.7	412440656
2.19	4.31	0.07	0.0001	0.1	0.0	0.7	587330126
2.18	4.31	0.05	0.0001	0.1	0.0	0.9	730412713
-------------------
0.5 0.4
2.46	4.39	0.57	1e-05	0.1	0.0	0.5	2538810
2.35	4.35	0.35	2e-05	0.001	0.0	0.7	477893624
2.34	4.35	0.33	2e-05	0.01	0.0	0.7	360804550
2.32	4.36	0.3	2e-05	0.1	0.0	0.7	501919901
2.31	4.33	0.3	0.0001	0.2	0.0	0.7	582183514
2.31	4.33	0.29	0.0001	0.2	0.0	0.7	631278207
2.31	4.34	0.28	0.0001	0.2	0.0	0.7	645797741
2.31	4.33	0.27	0.0001	0.1	0.0	0.5	722754052
2.3	4.33	0.27	0.0001	0.001	0.0	0.7	542071313
2.3	4.36	0.24	2e-05	0.001	0.0	0.7	176659706
2.29	4.36	0.22	2e-05	0.01	0.0	0.7	648585713
2.25	4.34	0.16	0.0001	0.2	0.0	0.7	25233521
2.25	4.34	0.16	5e-05	0.2	0.0	0.7	187931334
2.25	4.34	0.16	2e-05	0.1	0.0	0.9	171832046
2.25	4.34	0.16	0.0001	0.2	0.0	0.7	65144010
2.24	4.35	0.15	2e-05	0.01	0.0	0.9	851101109
2.24	4.34	0.15	0.0001	0.1	0.0	0.7	801332993
-------------------
0.5 0.45
2.75	4.46	1.04	2e-05	0.01	0.0	0.0	461623663
2.62	4.44	0.79	5e-05	0.1	0.0	0.3	939678401
2.48	4.4	0.57	2e-05	0.001	0.0	0.5	241019330
2.45	4.37	0.53	1e-05	0.2	0.0	0.9	114063112
2.44	4.36	0.53	5e-05	0.2	0.0	0.7	116146778
2.43	4.36	0.51	5e-05	0.2	0.0	0.9	203605897
2.43	4.36	0.5	0.0001	0.2	0.0	0.7	228084611
2.42	4.37	0.47	5e-05	0.1	0.0	0.7	591357781
2.42	4.37	0.47	0.0001	0.1	0.0	0.7	265054176
2.41	4.35	0.46	0.0001	0.1	0.0	0.9	262926142
2.41	4.36	0.46	0.0001	0.1	0.0	0.7	314309777
2.4	4.37	0.42	5e-05	0.1	0.0	0.7	411811095
2.39	4.39	0.39	2e-05	0.1	0.0	0.7	964260883
2.39	4.38	0.4	2e-05	0.2	0.0	0.9	504467146
2.38	4.39	0.39	5e-05	0.001	0.0	0.5	73230605
2.35	4.39	0.31	5e-05	0.1	0.0	0.5	515081177
2.34	4.39	0.3	5e-05	0.2	0.0	0.7	38335504
2.3	4.36	0.23	0.0001	0.2	0.0	0.9	16281841
2.3	4.37	0.23	0.0001	0.001	0.0	0.7	223683235
-------------------
0.5 0.5
3.89	5.76	2.02	0.0001	0.1	0.0	0.9	142242470
3.03	4.5	1.58	0.0001	0.1	0.0	0.5	112998681
3.03	4.55	1.44	2e-06	0.001	0.0	0.0	304634716
3.02	4.48	1.58	2e-05	0.1	0.0	0.9	769514092
3.0	4.52	1.51	1e-05	0.1	0.0	0.0	41139306
3.0	4.47	1.54	0.0001	0.1	0.0	0.7	906073156
2.98	4.51	1.45	5e-05	0.01	0.0	0.7	847398745
2.97	4.53	1.42	2e-06	0.001	0.0	0.5	325450025
2.9	4.48	1.25	2e-06	0.01	0.0	0.7	838997785
2.83	4.45	1.21	5e-05	0.2	0.0	0.9	238613603
2.8	4.45	1.12	2e-06	0.001	0.0	0.9	983654549
2.79	4.46	1.11	5e-05	0.1	0.0	0.0	88541713
2.67	4.42	0.89	2e-05	0.001	0.0	0.5	771905970
2.64	4.4	0.89	1e-05	0.2	0.0	0.9	886803108
2.64	4.43	0.84	2e-05	0.2	0.0	0.5	392044056
2.58	4.42	0.72	2e-05	0.2	0.0	0.7	374361203
2.57	4.41	0.72	5e-05	0.001	0.0	0.5	250967824
2.54	4.41	0.68	5e-05	0.1	0.0	0.5	991579562
2.53	4.38	0.66	0.0001	0.1	0.0	0.9	118571863
2.53	4.39	0.66	0.0001	0.1	0.0	0.7	502149931
2.52	4.41	0.65	5e-05	0.01	0.0	0.7	278167740
2.52	4.42	0.62	2e-05	0.1	0.0	0.7	370565313
2.52	4.4	0.66	0.0001	0.001	0.0	0.9	324575598
2.52	4.4	0.62	2e-05	0.001	0.0	0.9	781374715
2.51	4.41	0.62	0.0001	0.1	0.0	0.7	54220181
2.49	4.4	0.58	0.0001	0.1	0.0	0.7	958746705
2.48	4.4	0.56	2e-05	0.1	0.0	0.9	386120487
2.48	4.41	0.55	0.0001	0.1	0.0	0.9	675784233
2.48	4.4	0.55	0.0001	0.1	0.0	0.7	167196287
2.47	4.42	0.53	0.0001	0.01	0.0	0.7	567310461
2.46	4.37	0.55	0.0001	0.001	0.0	0.9	751999875
2.44	4.41	0.47	5e-05	0.1	0.0	0.9	340001764
2.44	4.41	0.48	0.0001	0.1	0.0	0.7	10804185
-------------------
0.5 0.55
3.14	4.53	1.8	0.0001	0.1	0.0	0.7	500913584
2.76	4.44	1.08	5e-05	0.01	0.0	0.9	38266848
2.76	4.45	1.04	2e-05	0.1	0.0	0.7	384829187
2.74	4.46	1.03	0.0001	0.2	0.0	0.9	788091576
2.7	4.43	1.0	0.0001	0.001	0.0	0.7	441832664
2.7	4.42	0.97	2e-05	0.2	0.0	0.9	583256724
2.7	4.46	0.97	0.0001	0.2	0.0	0.5	530538048
2.7	4.44	0.97	2e-05	0.1	0.0	0.9	282352930
2.7	4.44	0.94	2e-05	0.2	0.0	0.9	829202189
2.67	4.45	0.88	0.0001	0.1	0.0	0.5	839497899
2.66	4.46	0.88	0.0001	0.1	0.0	0.7	164077158
2.65	4.45	0.85	5e-05	0.001	0.0	0.5	861430759
2.65	4.46	0.85	0.0001	0.01	0.0	0.5	498236788
2.65	4.42	0.89	0.0001	0.001	0.0	0.7	720585268
2.63	4.43	0.81	5e-05	0.1	0.0	0.9	345336356
-------------------
0.5 0.6
3.49	4.62	2.33	2e-05	0.2	0.0	0.7	820611027
3.33	4.59	2.08	2e-05	0.2	0.0	0.3	479674832
3.17	4.58	1.79	0.0001	0.2	0.0	0.0	50543278
3.15	4.54	1.76	2e-05	0.01	0.0	0.7	660608028
2.98	4.49	1.46	0.0001	0.2	0.0	0.5	719909265
2.95	4.49	1.45	2e-05	0.2	0.0	0.7	342387364
2.95	4.49	1.4	2e-05	0.2	0.0	0.7	495641618
2.92	4.49	1.34	2e-05	0.001	0.0	0.7	584257762
2.91	4.51	1.27	0.0001	0.1	0.0	0.5	297951482
2.9	4.49	1.33	2e-05	0.1	0.0	0.7	704895371
2.83	4.51	1.13	0.0001	0.1	0.0	0.9	704258408
-------------------
0.5 0.65
3.09	4.55	1.64	2e-05	0.1	0.0	0.7	757759794
3.07	4.53	1.61	0.0001	0.1	0.0	0.7	364433879
-------------------
0.5 0.7
3.66	4.71	2.65	1e-05	0.001	0.0	0.5	688751832
3.56	4.64	2.45	0.0001	0.001	0.0	0.3	676800809
3.31	4.62	1.99	1e-05	0.001	0.0	0.9	324324345
-------------------
0.5 0.75
3.47	4.69	2.26	0.0001	0.001	0.0	0.7	784118876
-------------------
0.5 0.85
4.47	5.16	3.7	2e-06	0.2	0.0	0.0	228728473
-------------------
0.75 0.15
3.21	4.28	0.02	0.0001	0.1	0.0	0.7	909635707
-------------------
0.75 0.3
3.28	4.3	0.23	2e-05	0.1	0.0	0.9	231119193
3.28	4.31	0.17	2e-05	0.2	0.0	0.7	464856430
3.24	4.3	0.07	0.0001	0.001	0.0	0.7	106228607
-------------------
0.75 0.35
3.45	4.37	0.71	1e-05	0.1	0.0	0.7	83687530
3.37	4.34	0.43	2e-05	0.1	0.0	0.5	606908692
3.33	4.34	0.36	5e-05	0.1	0.0	0.5	877799237
3.3	4.32	0.26	0.0001	0.1	0.0	0.7	139088137
3.3	4.31	0.26	0.0001	0.1	0.0	0.7	86215935
3.29	4.31	0.23	0.0001	0.1	0.0	0.7	324306522
3.27	4.32	0.14	0.0001	0.2	0.0	0.5	339226541
-------------------
0.75 0.4
3.45	4.37	0.68	2e-05	0.01	0.0	0.7	146408824
3.42	4.38	0.53	5e-05	0.1	0.0	0.9	282416640
3.41	4.35	0.63	5e-05	0.2	0.0	0.7	515280252
3.4	4.34	0.57	2e-05	0.001	0.0	0.9	769681584
3.4	4.35	0.54	0.0001	0.001	0.0	0.5	13336920
3.39	4.35	0.54	5e-05	0.01	0.0	0.9	988526835
3.39	4.36	0.53	1e-05	0.2	0.0	0.9	35211847
3.39	4.34	0.52	0.0001	0.1	0.0	0.5	480552188
3.39	4.35	0.5	5e-05	0.1	0.0	0.5	435842624
3.37	4.35	0.44	2e-05	0.1	0.0	0.7	959421273
3.36	4.34	0.43	2e-05	0.1	0.0	0.9	378156231
3.35	4.33	0.41	0.0001	0.1	0.0	0.7	532416489
3.33	4.34	0.31	2e-05	0.1	0.0	0.9	947762570
-------------------
0.75 0.45
3.65	4.43	1.3	1e-05	0.01	0.0	0.3	67756684
3.52	4.39	0.89	2e-05	0.1	0.0	0.5	793155868
3.5	4.4	0.77	5e-05	0.1	0.0	0.9	827945070
3.49	4.37	0.82	2e-05	0.1	0.0	0.7	251637057
3.47	4.36	0.79	0.0001	0.1	0.0	0.5	709471925
3.44	4.37	0.66	5e-05	0.001	0.0	0.5	821782987
3.43	4.36	0.64	5e-05	0.01	0.0	0.5	96253495
3.43	4.35	0.64	0.0001	0.1	0.0	0.5	840885654
3.42	4.35	0.6	0.0001	0.2	0.0	0.7	69019020
3.39	4.36	0.49	5e-05	0.1	0.0	0.7	750972026
-------------------
0.75 0.5
3.74	4.48	1.62	1e-05	0.001	0.0	0.5	223672982
3.69	4.44	1.44	0.0001	0.001	0.0	0.0	155416360
3.66	4.45	1.34	5e-05	0.001	0.0	0.3	747500264
3.66	4.43	1.3	1e-05	0.2	0.0	0.5	992058926
3.62	4.42	1.14	2e-05	0.001	0.0	0.3	520356935
3.57	4.37	1.22	0.0001	0.2	0.0	0.9	250682172
3.56	4.41	1.07	2e-05	0.01	0.0	0.7	795928457
3.54	4.39	1.0	2e-05	0.1	0.0	0.7	487155446
3.54	4.38	1.01	2e-05	0.1	0.0	0.9	675356305
3.53	4.38	0.98	0.0001	0.1	0.0	0.9	759606821
3.52	4.39	0.85	1e-05	0.1	0.0	0.9	138679384
3.52	4.38	0.98	5e-05	0.001	0.0	0.7	710497183
3.52	4.37	0.94	5e-05	0.2	0.0	0.7	313717572
3.51	4.38	0.92	5e-05	0.01	0.0	0.7	406705276
3.5	4.38	0.87	0.0001	0.1	0.0	0.7	599568962
3.5	4.38	0.87	0.0001	0.01	0.0	0.7	882272954
3.49	4.39	0.78	5e-05	0.01	0.0	0.7	262642183
3.48	4.38	0.8	0.0001	0.01	0.0	0.7	832069227
3.45	4.27	1.01	0.0001	0.1	0.0002	0.7	163112441
-------------------
0.75 0.55
3.73	4.44	1.66	0.0001	0.2	0.0	0.9	192234817
3.66	4.41	1.37	0.0001	0.2	0.0	0.5	254040249
3.66	4.4	1.42	0.0001	0.1	0.0	0.7	447523447
3.63	4.42	1.24	5e-05	0.1	0.0	0.7	193374069
3.62	4.41	1.24	5e-05	0.01	0.0	0.5	571453377
3.62	4.44	1.16	0.0001	0.1	0.0	0.5	740850230
3.6	4.42	1.17	5e-05	0.1	0.0	0.7	236375990
3.6	4.41	1.16	0.0001	0.1	0.0	0.7	185553481
3.59	4.4	1.14	0.0001	0.001	0.0	0.7	415309941
3.59	4.41	1.13	0.0001	0.001	0.0	0.9	3535245
3.59	4.41	1.07	0.0001	0.1	0.0	0.5	575907617
3.55	4.41	0.97	0.0001	0.01	0.0	0.7	629722205
-------------------
0.75 0.6
3.99	4.53	2.45	2e-05	0.2	0.0	0.0	783238660
3.93	4.51	2.19	5e-05	0.2	0.0	0.3	598558252
3.78	4.46	1.75	2e-05	0.2	0.0	0.7	905632956
3.76	4.44	1.66	5e-05	0.1	0.0	0.7	286042147
3.75	4.46	1.59	5e-05	0.1	0.0	0.7	25580776
3.74	4.44	1.63	0.0001	0.1	0.0	0.7	998274088
3.74	4.46	1.62	2e-05	0.1	0.0	0.7	117697041
3.74	4.45	1.59	0.0001	0.1	0.0	0.7	751784117
3.73	4.46	1.45	0.0001	0.1	0.0	0.7	54150321
3.71	4.46	1.48	0.0001	0.1	0.0	0.7	441887632
3.69	4.46	1.35	0.0001	0.1	0.0	0.7	608933959
-------------------
0.75 0.65
3.98	4.53	2.27	1e-05	0.2	0.0	0.7	528401309
3.86	4.47	2.06	2e-05	0.1	0.0	0.9	526029548
3.83	4.5	1.81	2e-05	0.001	0.0	0.9	932063949
-------------------
0.75 0.7
4.22	4.67	2.92	1e-05	0.001	0.0	0.0	810151103
4.13	4.61	2.66	0.0001	0.01	0.0	0.0	553224757
4.12	4.61	2.62	0.0001	0.01	0.0	0.5	737020226
-------------------
0.75 0.8
4.3	4.7	3.11	5e-05	0.01	0.0	0.7	487732681
-------------------
1 0.5
4.37	4.37	0.94	5e-05	0.1	0.0005	0.7	821638711
-------------------
1.0 0.15
4.3	4.3	0.47	5e-05	0.1	0.0	0.7	963634441
4.29	4.29	0.17	5e-05	0.1	0.0	0.7	428044335
-------------------
1.0 0.2
4.32	4.32	0.75	0.0001	0.001	0.0	0.7	55814725
-------------------
1.0 0.25
4.34	4.34	0.72	0.0001	0.1	0.0	0.7	235662348
-------------------
1.0 0.3
4.39	4.39	0.77	2e-06	0.001	0.0	0.0	409839176
4.36	4.36	0.83	0.0001	0.1	0.0	0.7	528932913
4.33	4.34	0.7	2e-05	0.1	0.0	0.7	663105362
4.33	4.33	0.98	5e-05	0.1	0.0	0.9	107815656
4.32	4.32	0.68	2e-05	0.01	0.0	0.7	681474707
-------------------
1.0 0.35
4.39	4.39	1.0	0.0001	0.001	0.0	0.9	344850654
4.38	4.37	1.07	5e-05	0.1	0.0	0.5	493910620
4.37	4.37	0.98	5e-05	0.01	0.0	0.7	324011891
4.36	4.36	0.88	1e-05	0.001	0.0	0.3	707260210
4.36	4.36	0.83	0.0001	0.01	0.0	0.7	774442712
4.35	4.35	0.92	1e-05	0.001	0.0	0.7	689227049
4.35	4.35	0.98	5e-05	0.2	0.0	0.9	533051845
4.35	4.33	0.75	0.0001	0.1	0.0	0.5	788206505
4.35	4.35	1.07	2e-05	0.1	0.0	0.7	419897234
4.35	4.35	0.93	5e-05	0.001	0.0	0.0	596775513
4.35	4.35	0.93	0.0001	0.1	0.0	0.7	145140803
4.35	4.35	0.91	0.0001	0.1	0.0	0.5	480891215
4.35	4.35	0.88	0.0001	0.1	0.0	0.7	776887521
4.35	4.35	0.85	2e-05	0.01	0.0	0.7	321686400
4.34	4.34	0.96	5e-05	0.1	0.0	0.3	98212282
4.34	4.34	0.76	2e-05	0.01	0.0	0.7	908907274
4.34	4.34	0.93	5e-05	0.001	0.0	0.5	796500788
4.34	4.34	0.87	5e-05	0.01	0.0	0.0	777172441
4.34	4.34	0.88	2e-05	0.1	0.0	0.7	588079644
4.33	4.35	1.0	0.0001	0.1	0.0	0.5	182140365
-------------------
1.0 0.4
4.43	4.43	1.53	0.0001	0.01	0.0	0.9	963683076
4.41	4.41	1.31	0.0001	0.1	0.0	0.9	736264382
4.39	4.39	1.29	0.0001	0.001	0.0	0.7	336423061
4.38	4.38	1.12	0.0001	0.1	0.0	0.5	972012604
4.37	4.37	1.28	0.0001	0.1	0.0	0.5	682978118
4.37	4.37	1.05	0.0001	0.1	0.0	0.5	954662806
4.37	4.37	1.74	0.0001	0.1	0.0	0.7	863974566
4.37	4.37	1.16	1e-05	0.01	0.0	0.3	551995690
4.37	4.37	1.14	2e-05	0.001	0.0	0.0	954110712
4.37	4.37	1.24	2e-05	0.1	0.0	0.7	360453126
4.37	4.37	1.11	2e-05	0.2	0.0	0.7	814986753
4.36	4.36	1.01	0.0001	0.1	0.0	0.9	167731656
4.36	4.36	1.28	0.0001	0.01	0.0	0.7	800339823
4.36	4.36	1.05	2e-05	0.1	0.0	0.5	624126560
4.36	4.36	1.1	2e-05	0.01	0.0	0.5	145880090
4.36	4.36	1.17	0.0001	0.1	0.0	0.5	257381543
4.36	4.36	1.09	5e-05	0.1	0.0	0.7	572966838
4.36	4.36	1.14	2e-05	0.1	0.0	0.7	208852386
4.36	4.36	1.07	0.0001	0.1	0.0	0.7	797162227
4.35	4.35	1.16	2e-05	0.001	0.0	0.5	516946577
4.35	4.36	1.17	2e-05	0.1	0.0	0.9	319574650
4.35	4.35	1.08	2e-05	0.01	0.0	0.7	515775459
4.35	4.38	1.43	0.0001	0.1	0.0	0.7	912951231
4.35	4.34	1.01	2e-05	0.001	0.0	0.9	862756647
4.28	4.28	0.96	2e-05	0.01	0.0	0.9	281918673
4.26	4.26	1.07	2e-05	0.1	0.001	0.7	550394192
-------------------
1.0 0.45
4.43	4.43	1.81	5e-05	0.1	0.0	0.9	375955830
4.43	4.43	1.79	0.0001	0.2	0.0	0.7	702321781
4.42	4.42	1.26	0.0001	0.001	0.0	0.9	848128467
4.41	4.41	1.33	0.0001	0.1	0.0	0.5	254044454
4.4	4.4	1.61	0.0001	0.2	0.0	0.5	726444270
4.4	4.4	1.34	2e-05	0.2	0.0	0.7	872875469
4.4	4.4	1.71	2e-05	0.2	0.0	0.3	451158133
4.39	4.39	1.34	0.0001	0.1	0.0	0.7	856034402
4.39	4.39	1.28	0.0001	0.001	0.0	0.7	88377567
4.38	4.38	1.21	2e-05	0.001	0.0	0.9	845805691
4.38	4.38	1.41	2e-05	0.1	0.0	0.9	269367432
4.38	4.39	1.37	5e-05	0.1	0.0	0.7	81771171
4.38	4.38	1.36	2e-05	0.1	0.0	0.7	94328283
4.38	4.38	1.32	0.0001	0.1	0.0	0.7	205123687
4.38	4.38	1.32	2e-05	0.1	0.0	0.5	266998840
4.38	4.38	1.28	0.0001	0.01	0.0	0.7	900360318
4.37	4.37	1.38	2e-05	0.1	0.0	0.7	319356587
4.37	4.37	1.4	0.0001	0.001	0.0	0.7	361067642
4.37	4.36	1.33	2e-05	0.2	0.0	0.7	656903592
4.37	4.37	1.17	5e-05	0.1	0.0	0.9	906760604
4.37	4.37	1.34	2e-05	0.1	0.0	0.7	736237107
4.36	4.36	1.47	0.0001	0.1	0.0	0.7	853576900
4.36	4.36	1.44	0.0001	0.1	0.0	0.5	283616768
4.26	4.26	1.5	0.0001	0.1	0.001	0.7	848836236
4.26	4.26	1.37	5e-05	0.1	0.001	0.7	990188738
4.26	4.27	1.36	2e-05	0.2	0.0005	0.7	824140374
-------------------
1.0 0.5
5.15	5.15	1.61	0.0001	0.1	0.02	0.7	971944266
5.15	5.15	1.61	0.0001	0.1	0.02	0.7	68691496
4.74	4.74	1.8	0.0001	0.1	0.01	0.7	63301570
4.47	4.47	1.43	0.0001	0.1	0.0	0.9	575057157
4.46	4.46	1.81	1e-05	0.1	0.0	0.0	832829478
4.44	4.44	1.55	0.0001	0.1	0.0	0.7	670626577
4.43	4.43	1.46	0.0001	0.001	0.0	0.7	584015835
4.43	4.43	1.59	0.0001	0.2	0.0	0.7	1741732
4.42	4.42	1.47	0.0001	0.01	0.0	0.7	168051612
4.42	4.42	1.58	1e-05	0.001	0.0	0.5	210961158
4.42	4.42	1.66	1e-05	0.01	0.0	0.5	899225807
4.42	4.42	1.45	2e-05	0.01	0.0	0.9	475590510
4.42	4.42	1.56	2e-05	0.2	0.0	0.7	997549757
4.42	4.42	1.7	2e-05	0.2	0.0	0.9	522783978
4.41	4.41	1.83	1e-05	0.01	0.0	0.7	164940065
4.41	4.41	1.61	5e-05	0.1	0.0	0.9	27877760
4.4	4.4	1.55	0.0001	0.1	0.0	0.7	936548541
4.4	4.4	1.72	5e-05	0.2	0.0	0.9	445259704
4.4	4.4	1.59	2e-05	0.1	0.0	0.7	770002526
4.4	4.39	1.6	5e-05	0.01	0.0	0.5	975707042
4.39	4.39	1.62	2e-05	0.1	0.0	0.7	110484175
4.39	4.39	1.62	0.0001	0.001	0.0	0.7	536607286
4.39	4.39	1.66	5e-05	0.1	0.0	0.7	996853664
4.39	4.39	1.6	5e-05	0.1	0.0	0.7	651318573
4.38	4.38	1.43	0.0001	0.1	0.0	0.7	596476173
4.36	4.36	1.69	0.0001	0.001	0.002	0.7	99057865
4.34	4.34	1.68	0.0002	0.001	0.0002	0.9	934063089
4.32	4.32	1.53	5e-05	0.001	0.002	0.7	280042256
4.32	4.32	1.7	2e-05	0.1	0.002	0.7	658063143
4.31	4.31	1.6	5e-05	0.001	0.001	0.7	745959234
4.31	4.31	1.5	5e-05	0.1	0.001	0.7	689971742
4.31	4.31	1.59	2e-05	0.01	0.002	0.7	789429455
4.31	4.31	1.46	0.0001	0.01	0.0002	0.9	253147347
4.31	4.31	1.46	0.0001	0.1	0.002	0.7	746162715
4.3	4.3	1.69	2e-05	0.2	0.001	0.7	771837184
4.29	4.29	1.48	2e-05	0.1	0.001	0.9	548900909
4.29	4.29	1.56	5e-05	0.1	0.001	0.7	692938593
4.29	4.29	1.68	2e-05	0.1	0.001	0.7	712483889
4.29	4.29	1.7	0.0001	0.1	0.001	0.7	607160052
4.29	4.29	1.6	0.0002	0.1	0.0005	0.3	446729470
4.28	4.28	1.77	5e-05	0.2	0.001	0.7	44989591
4.28	4.28	1.69	0.0002	0.1	0.001	0.3	707276880
4.27	4.27	1.66	5e-05	0.1	0.0005	0.9	453118582
4.27	4.27	1.64	2e-05	0.1	0.0005	0.7	663238744
4.27	4.26	1.47	5e-05	0.1	0.0005	0.5	10881754
4.27	4.27	1.53	5e-05	0.001	0.0005	0.5	961905474
-------------------
1.0 0.55
4.47	4.42	1.82	0.0001	0.2	0.0	0.9	405804163
4.45	4.45	1.99	1e-05	0.2	0.0	0.7	836983165
4.45	4.45	1.68	0.0001	0.01	0.0	0.9	803732986
4.45	4.45	1.86	0.0001	0.1	0.0	0.7	620654642
4.45	4.45	1.9	0.0001	0.1	0.0	0.7	538545328
4.44	4.44	1.74	2e-05	0.01	0.0	0.7	529665609
4.44	4.44	1.88	2e-05	0.01	0.0	0.5	129597971
4.43	4.42	1.8	0.0001	0.1	0.0	0.7	144870912
4.43	4.43	1.91	0.0001	0.2	0.0	0.7	133554280
4.43	4.43	1.95	0.0001	0.1	0.0	0.5	334841046
4.43	4.43	1.81	0.0001	0.1	0.0	0.7	68680906
4.42	4.42	1.95	5e-05	0.1	0.0	0.7	387749835
4.42	4.42	1.94	2e-05	0.2	0.0	0.9	377639532
4.42	4.42	1.85	2e-05	0.1	0.0	0.9	134885504
4.42	4.42	1.81	0.0001	0.01	0.0	0.7	281483174
-------------------
1.0 0.6
4.59	4.58	2.25	2e-06	0.2	0.0	0.3	727092506
4.55	4.55	2.3	0.0001	0.1	0.0	0.9	623180308
4.51	4.51	2.19	1e-05	0.001	0.0	0.0	857715231
4.5	4.5	2.05	0.0001	0.1	0.0	0.5	772773409
4.5	4.49	1.92	0.0001	0.001	0.0	0.7	347729242
4.5	4.5	2.44	2e-05	0.1	0.0	0.3	240430897
4.49	4.49	1.96	5e-05	0.1	0.0	0.7	825270130
4.49	4.48	2.32	5e-05	0.001	0.0	0.3	81479101
4.48	4.49	2.06	0.0001	0.1	0.0	0.9	589118835
4.48	4.47	2.07	2e-05	0.1	0.0	0.5	233038717
4.48	4.48	2.13	0.0001	0.1	0.0	0.7	842329283
4.47	4.47	2.17	0.0001	0.1	0.0	0.7	997533088
4.47	4.47	2.14	2e-05	0.1	0.0	0.7	677567883
4.45	4.45	2.1	0.0001	0.1	0.0	0.7	756969829
4.45	4.45	1.81	0.0001	0.01	0.0	0.9	548336657
4.45	4.45	2.12	5e-05	0.2	0.0	0.7	454692883
-------------------
1.0 0.65
4.52	4.52	2.39	2e-05	0.1	0.0	0.7	412342617
4.5	4.5	2.27	0.0001	0.01	0.0	0.5	888004470
-------------------
1.0 0.7
4.6	4.59	2.7	1e-05	0.1	0.0	0.5	206928376
4.59	4.59	3.07	2e-05	0.2	0.0	0.9	187435905
-------------------
1.0 0.75
4.62	4.62	2.74	0.0001	0.01	0.0	0.7	398722166
-------------------
1.0 0.8
4.71	4.72	3.19	5e-05	0.1	0.0	0.7	195820292
